# 优化前后误差比较
# 格式: 样本索引, 初始误差(mm), 优化后误差(mm), 改进(%)

0, 0.989546, 0.024896, 97.48
1, 0.687437, 0.016893, 97.54
2, 1.936744, 0.071828, 96.29
3, 1.936644, 0.016738, 99.14
4, 1.913130, 0.032863, 98.28
5, 1.970737, 0.046369, 97.65
6, 1.910329, 0.026201, 98.63
7, 2.106246, 0.029541, 98.60
8, 1.856127, 0.026304, 98.58
9, 2.140526, 0.050494, 97.64
10, 2.204491, 0.025657, 98.84
11, 1.932678, 0.054867, 97.16
12, 2.060781, 0.008657, 99.58
13, 2.064298, 0.024660, 98.81
14, 1.888849, 0.056553, 97.01
15, 2.123413, 0.049006, 97.69
16, 2.026232, 0.069685, 96.56
17, 2.151979, 0.012177, 99.43
18, 1.939828, 0.054381, 97.20
19, 1.935641, 0.055655, 97.12
20, 2.083805, 0.031170, 98.50
21, 2.049264, 0.047988, 97.66
22, 2.154448, 0.034131, 98.42
23, 1.933294, 0.025653, 98.67
24, 1.938907, 0.052154, 97.31
25, 1.877061, 0.021744, 98.84
26, 2.001263, 0.030384, 98.48
27, 2.063763, 0.054022, 97.38
28, 1.907601, 0.061832, 96.76
29, 1.808079, 0.076871, 95.75

# 统计摘要
平均初始误差: 1.919771 mm
平均优化后误差: 0.039646 mm
最大初始误差: 2.204491 mm
最大优化后误差: 0.076871 mm
平均误差改进: 97.93%
