#angle: q1,q2,q3,q4,q5,q6,
42.91441824,-0.414388123,49.04196013,-119.3252973,78.65535552,-5.225972875
26.18229564,47.10895029,20.44052241,-143.5911443,87.23868486,-6.971798826
2.220422813,-1.47124169,42.49735792,7.258371315,-50.66180738,-154.8039343
-27.15330845,27.1695025,7.237915975,-59.0302648,-67.29938775,-105.5208513
-6.672347458,-5.680268712,45.42963424,7.95437964,-49.19468063,-165.1549432
7.565201643,0.618908418,41.75570896,18.61847917,-53.73670667,-177.8620862
33.61210336,28.82474056,43.42031382,41.51691141,-89.91595249,-164.6343219
-14.70282779,-2.566390959,59.50896896,-31.38175958,-72.09116268,-152.6658005
16.00173785,48.75010104,24.95685617,43.61712009,-94.00666385,-170.2067704
-17.36076913,11.54763775,41.68017115,-36.82523798,-70.84482523,-129.9891758
-40.93010855,9.564856349,59.23637631,-46.70020284,-87.05671251,-132.635154
-25.28304442,-12.09169628,50.81769791,-9.965709418,-48.10992176,-164.2775533
-2.576393823,5.775013381,59.0742324,-9.29127297,-76.64468578,-175.738847
11.3271317,10.66439557,51.72380031,-15.83059495,-74.82132612,-150.5304808
-28.4682081,23.09776076,16.96894649,-39.96973054,-59.5807405,-132.7562311
-48.24490731,6.028823029,60.99846101,-40.32668926,-83.65106964,-162.0984566
0.785724436,4.422736631,42.85770054,-26.82079617,-61.11185793,-161.3908054
-46.551295,-1.653483951,44.50706982,-58.03200787,-71.99546052,-135.7649968
-16.43930192,14.66690704,31.16252554,8.067028638,-56.56823104,-158.3920787
-6.730873491,23.26200152,21.69200755,-35.7871114,-63.12013186,-128.940957
-29.79328901,11.38949122,43.53269873,-28.81765396,-69.79488452,-146.7764521
-2.494925708,43.78691956,32.24868597,-26.73950961,-92.72539533,-154.5099229
-39.22204613,21.84753815,39.48302789,-55.61192325,-85.79100606,-154.2393193
-10.64757172,40.26326149,28.80334282,10.02768769,-83.93658163,-174.2588528
7.562704272,35.43174277,35.0864118,-15.05075441,-85.20586356,-174.382007
31.88342978,26.92095694,33.53854429,36.4216783,-78.51023306,-171.4503851
-21.95474683,6.513426692,33.63907594,-31.68604028,-55.03634361,-126.4798422
-27.63092592,18.260824,17.04321134,-59.82882121,-67.87634651,-107.3914438
-19.0452096,12.26510346,35.83932405,1.469740024,-58.58233694,-156.1369816
4.811568275,23.13344208,24.46695747,2.134229482,-59.09533022,-167.4457091
--------
#location: x,y,z
417.6367,177.7326,547.3515
663.4686,206.7455,339.0561
545.1668,2.074,591.1754
700.6184,-200.0849,586.9623
512.3328,-80.4409,596.4422
550.504,24.9588,584.0323
511.4712,195.843,404.5511
436.8602,-23.3043,509.144
645.3688,55.4987,313.066
555.0935,-67.7389,519.1956
395.482,-170.845,458.4778
437.8312,-182.5564,594.7561
464.1679,6.5789,476.8435
493.6642,146.1738,480.5226
665.5762,-248.5699,565.4919
359.1839,-229.6759,467.7563
544.71,77.8129,556.2356
422.3269,-235.5216,579.8319
611.0219,-203.8981,552.0582
691.3291,11.9453,537.7258
518.3689,-204.1796,511.403
629.3754,52.5709,333.1703
502.049,-219.3331,462.8122
654.8385,-155.9293,369.5117
618.8402,128.2941,386.0778
576.4388,234.0608,451.6102
579.2302,-151.1712,594.0561
639.0983,-172.5673,605.4434
579.9542,-205.9578,543.6924
694.9972,51.4581,524.5704
--------
#pos: qx qy qz qw
0.2611636747138994,0.08940756977718747,-0.7594604018923786,0.5890837966146555
0.12856217659936758,-0.06617925317890305,-0.7615524510199495,0.6317673128155834
0.2492366272511463,0.12316980360759108,-0.6838746487991748,0.6745559782890861
0.20370058748681272,0.16522362105208746,-0.4894671263371502,0.8316424459701512
0.19392019290788112,0.05164233558613546,-0.7557854794101178,0.6233107869037705
0.16157111409518432,0.028565734958339223,-0.733893241977294,0.6591505770735453
0.2539670155139275,0.06655945461586119,-0.7167729344922701,0.6459931535330135
0.13233219369529953,0.016926639697053388,-0.5912295931992494,0.7953925115977682
0.22905099954834277,-0.024643298296937264,-0.8275403594228457,0.5119622065946478
0.22220176729463922,0.1445721823091578,-0.5472785292753718,0.7938585957887544
0.2561777433039379,0.13999130161681017,-0.6121036248386527,0.7349180578586398
0.10371865300992743,-0.02292094041859278,-0.7995770853639375,0.59109521743036
0.07956627648359069,-0.06502931019899189,-0.6602119625270269,0.7440165058638094
0.18610064969393397,0.111533948332876,-0.49311288360626976,0.8424763560921366
0.16915472793710185,0.05129992539952617,-0.6485210395460768,0.7403887201575967
0.08729654551312452,-0.056408326578157114,-0.7438436602236248,0.6602227071066609
0.07934202200819404,-0.04348556379249984,-0.5374482427743417,0.8384290283763272
0.0927065534124957,-0.01763497298363255,-0.6473059108014199,0.7563660228512297
0.2476523233030793,0.05467720360302422,-0.795514910384994,0.5503042408739873
0.2024991568517132,0.14036201468715323,-0.49806264622532465,0.8314001423757009
0.1735589991360508,0.03260519951981484,-0.6994181363399197,0.6925521246389753
0.20092655632527578,0.06948517122847228,-0.5033709308721205,0.8375070363259944
0.0968546164858692,-0.04690610951430919,-0.581368621660113,0.8064921114955974
0.1417983651127248,-0.05870567356454065,-0.8075387015514617,0.569498123824189
0.1075201628505673,-0.06315678826440471,-0.5456826863895062,0.8286621992413099
0.2391191336278471,0.07306894159705814,-0.6947501083398401,0.6743925093509966
0.2338454274494785,0.1313663310434435,-0.6410831601936453,0.7190768977274156
0.19176694933711733,0.15714946140993138,-0.4911162311159272,0.8350654653708243
0.22970018058222205,0.04841749378232068,-0.7859083284138746,0.5720504109482336
0.15859763719822456,0.019509676262965375,-0.6701656648022983,0.7248062801379058