Name Nominal X Nominal Y Nominal Z Nominal Rx Nominal Ry Nominal Rz Measure X Measure Y Measure Z Measure Rx Measure Ry Measure Rz Residuals Pos Residuals Ori
Motion1 417.3995 177.2538 547.9333 11.464 30.134 -101.3056 417.6367 177.7326 547.3515 11.2564 30.4037 -101.2999 0.7899 0.3421
Motion2 663.2497 206.6056 339.6006 15.3618 6.4418 -99.7736 663.4686 206.7455 339.0561 15.1477 6.714 -99.7369 0.6033 0.3508
Motion3 545.17 2.1189 591.1686 11.2251 30.4684 -87.72 545.1668 2.074 591.1754 11.2447 30.4865 -87.7416 0.0455 0.0401
Motion4 700.621 -200.0724 586.9415 11.6026 28.3088 -58.0228 700.6184 -200.0849 586.9623 11.5887 28.3119 -58.0187 0.0245 0.0165
Motion5 512.3369 -80.3223 596.4705 10.0942 20.9469 -99.1032 512.3328 -80.4409 596.4422 10.1064 20.9684 -99.1349 0.122 0.0435
Motion6 550.5456 25.0773 584.0856 10.2487 15.9507 -94.7028 550.504 24.9588 584.0323 10.2544 15.9605 -94.7539 0.1365 0.0539
Motion7 511.4853 195.6879 404.6245 15.1051 26.748 -92.3353 511.4712 195.843 404.5511 15.0807 26.7408 -92.3348 0.1722 0.0256
Motion8 436.8527 -23.3265 509.1556 11.1737 10.5681 -72.2115 436.8602 -23.3043 509.144 11.1818 10.5476 -72.21 0.0262 0.022
Motion9 645.3639 55.3898 313.0716 17.1194 20.7239 -113.3606 645.3688 55.4987 313.066 17.1001 20.7433 -113.3446 0.1092 0.035
Motion10 555.1254 -67.7662 519.1634 12.7549 28.2131 -65.9462 555.0935 -67.7389 519.1956 12.7541 28.1991 -65.939 0.053 0.016
Motion11 395.4313 -170.9235 458.4206 13.8914 31.2906 -75.6729 395.482 -170.845 458.4778 13.8796 31.297 -75.6224 0.1096 0.0579
Motion12 437.8512 -182.4521 594.6987 9.2548 7.9764 -106.4053 437.8312 -182.5564 594.7561 9.2928 7.9924 -106.4188 0.1207 0.045
Motion13 464.1801 6.5097 476.8491 11.7868 0.4753 -83.1202 464.1679 6.5789 476.8435 11.7969 0.4739 -83.1135 0.0704 0.0122
Motion14 493.6781 146.1438 480.5479 12.6657 21.8061 -58.2327 493.6642 146.1738 480.5226 12.6619 21.7941 -58.2566 0.0416 0.0257
Motion15 665.5506 -248.5662 565.4648 11.1006 17.1794 -80.7496 665.5762 -248.5699 565.4919 11.1104 17.1791 -80.7368 0.0375 0.0136
Motion16 359.0963 -229.7259 467.7276 11.5074 3.175 -96.4966 359.1839 -229.6759 467.7563 11.5054 3.1671 -96.4459 0.1049 0.0514
Motion17 544.7113 77.8726 556.2954 10.3582 0.7085 -65.257 544.71 77.8129 556.2356 10.3704 0.6859 -65.2864 0.0845 0.0392
Motion18 422.2982 -235.4945 579.8393 9.4267 5.3559 -80.6726 422.3269 -235.5216 579.8319 9.4225 5.3373 -80.6396 0.0402 0.0384
Motion19 611.0534 -203.8547 552.0034 12.0228 27.0135 -107.7543 611.0219 -203.8981 552.0582 12.0182 27.0397 -107.7702 0.0767 0.03
Motion20 691.3431 12.0308 537.7626 12.6317 25.7922 -58.9454 691.3291 11.9453 537.7258 12.6274 25.7919 -58.9668 0.0941 0.02
Motion21 518.3707 -204.2224 511.3548 11.736 16.7348 -88.8331 518.3689 -204.1796 511.403 11.7382 16.7468 -88.8083 0.0644 0.0271
Motion22 629.4194 52.4858 333.1076 16.3357 18.5825 -59.3244 629.3754 52.5709 333.1703 16.3144 18.5842 -59.3128 0.1145 0.0274
Motion23 501.9999 -219.383 462.7954 12.1756 2.118 -71.3468 502.049 -219.3331 462.8122 12.1662 2.0862 -71.3162 0.0719 0.0454
Motion24 654.8509 -156.0267 369.4528 15.0558 9.3317 -108.3791 654.8385 -155.9293 369.5117 15.0551 9.3357 -108.3574 0.1145 0.0222
Motion25 618.8201 128.3056 386.1062 14.3085 0.7261 -66.6395 618.8402 128.2941 386.0778 14.3031 0.7225 -66.6557 0.0366 0.0175
Motion26 576.4238 234.0565 451.7067 14.1748 25.519 -88.4782 576.4388 234.0608 451.6102 14.1644 25.4985 -88.513 0.0977 0.0377
Motion27 579.2371 -151.14 594.0052 11.0941 29.2587 -80.532 579.2302 -151.1712 594.0561 11.1179 29.2569 -80.5156 0.0601 0.0214
Motion28 639.1112 -172.5476 605.4059 10.7124 26.7963 -58.3623 639.0983 -172.5673 605.4434 10.6982 26.8021 -58.3509 0.0443 0.0225
Motion29 579.9848 -205.9225 543.7464 11.85 24.6101 -105.3058 579.9542 -205.9578 543.6924 11.8412 24.6254 -105.3149 0.0713 0.0181
Motion30 694.9874 51.5629 524.6445 12.1186 13.937 -84.0271 694.9972 51.4581 524.5704 12.1211 13.9393 -84.0588 0.1287 0.0325